0,1881452
0,163058
0,1718011
0,1571741
0,1586266
0,171133
0,1701336
0,1633015
0,1701374
0,1667747
0,1648121
0,1702366
0,171463
0,1716585
0,1703615
0,1705503
0,172904
0,1705294
0,1642427
0,1680193
0,1693077
0,1680355
0,1666012
0,1696777
0,1716652
0,1696548
0,1669655
0,1703625
0,1666584
0,1658001
0,1783047
0,1692486
0,1680164
0,1708355
0,1671371
0,1689663
0,1679726
0,1677971
0,1698608
0,1707821
0,1719856
0,1676464
0,1721306
0,1706848
0,1722145
0,1735077
0,1693916
0,1659546
0,1676712
0,1703377
0,1680489
0,1668396
0,1662865
0,169487
0,1710625
0,1692314
0,1658287
0,1688461
0,1686974
0,1696548
0,1698418
0,163063
0,1672287
0,1679878
0,166996
0,1684113
0,1629448
0,1625595
0,1695023
0,1697807
0,1691399
0,1659317
0,1702194
0,1641502
0,166069
0,17099
0,1669159
0,1677666
0,1709976
0,1677704
0,168148
0,1681633
0,1690369
0,1727219
0,168251
0,1697655
0,1693611
0,1710396
0,1671677
0,168457
0,1667175
0,1698112
0,1702499
0,1695023
0,1693344
0,1670837
0,171051
0,1694565
0,1685791
0,1705627
0,1659851
0,1704712
0,1709442
0,1677094
0,168251
0,171936
0,1708679
0,1688843
0,1706467
0,1668777
0,1662369
0,1694031
0,1655807
0,1686172
0,1723404
0,1655655
0,1707382
0,1674194
0,1678467
0,169426
0,1671143
0,171463
0,1679382
0,1704025
0,1685791
0,1704025
0,1638031
0,1630402
0,1676788
0,1708527
0,1694717
0,1710587
0,1709366
0,1743164
0,1692505
0,1703568
0,1655655
0,1695404
0,1656799
0,1685181
0,1685867
0,171524
0,1704636
0,1639557
0,1686325
0,1693039
0,1635284
0,1697922
0,1757278
0,1702271
0,1659546
0,168129
0,1725998
0,1628418
0,1674652
0,1704025
0,1666718
0,1659393
0,1685028
0,1696396
0,1676254
0,1631012
0,1680908
0,1701355
0,1706924
0,1687851
0,165596
0,1678009
0,170639
0,1736603
0,1776352
0,1727753
0,1692276
0,1721497
0,174057
0,1713333
0,1665115
0,1704941
0,1639709
0,1640396
0,1679459
0,1680069
0,1659775
0,1653366
0,1643372
0,1654282
0,1659088
0,1677399
0,1722717
0,1763687
0,1729355
0,1692963
0,1744995
0,1713104
0,1736298
0,1744843
0,1644287
0,1667633
0,1628571
0,1647034
0,164917
0,1626282
0,1663818
0,1778564
0,1733093
0,1760101
0,1659088
0,1649628
0,1659393
0,1655579
0,1697845
0,1681213
0,1699066
0,208725
0,1655579
0,1701508
0,1651764
0,1646881
0,1679993
0,1660461
0,1701355
0,1676636
0,164917
0,1670532
0,168396
0,1668091
0,1668854
0,1681061
0,1631317
0,1637268
0,164032
0,1677399
0,1655121
0,1666412
0,1633759
0,1670837
0,1633453
0,1635895
0,1649628
0,1607971
0,1643524
0,1651764
0,1623535
0,160675
0,1635132
0,1630707
0,1654358
0,1656189
0,1639557
0,1663971
0,1684875
0,1694641
0,1668091
0,1676025
0,1705475
0,1687317
0,1669159
0,1621399
0,1630859
0,1641083
0,1663208
0,1681519
0,1659851
0,1687775
0,1696472
0,1747284
0,1687927
0,1688232
0,1706085
0,1732941
0,1780853
0,173584
0,173172
0,1732025
0,1728821
0,3323669
0,173172
0,1716461
0,2979126
0,2113647
0,1677399
0,1701355
0,1709442
0,1673889
0,1756134
0,1755371
0,1685333
0,1685486
0,1716461
0,168869
0,1665497
0,1707306
0,1641693
0,1651917
0,1774139
0,168808
0,1705475
0,1706085
0,1657257
0,1681976
0,1737976
0,1672974
0,1781006
0,1719055
0,1700897
0,1678925
0,1680756
0,1689453
0,1611633
0,1698914
0,167038
0,165741
0,1765442
0,167099
0,1698151
0,1728668
0,1727142
0,1664581
0,1649323
0,1641388
0,1684113
0,1737213
0,1648254
0,1706238
0,173233
0,1559753
0,1540985
0,1569672
0,1597748
0,1586304
0,1624146
0,1673126
0,165802
0,1648865
0,1644287
0,1691589
0,1645966
0,1689758
0,1706238
0,172348
0,1699219
0,1699371
0,1720428
0,1713715
0,1704102
0,1707611
0,1634216
0,1635742
0,1699371
0,168808
0,1657104
0,1719971
0,1685486
0,164917
0,1676636
0,1702271
0,1694946
0,1555939
0,1582336
0,1579132
0,1557159
0,1528473
0,155014
0,1528015
0,1658478
0,1658478
0,1805267
0,1673126
0,1716156
0,1771545
0,1702271
0,167572
0,1755676
0,1629486
0,16539
0,1688843
0,1675873
0,1720734
0,1647339
0,1700134
0,1706848
0,16716
0,1641998
0,1733246
0,1659241
0,1670227
0,167511
0,1742859
0,1626282
0,1654358
0,1654663
0,1671753
0,167572
0,1703186
0,1705627
0,1740723
0,1759033
0,1680603
0,1660461
0,1711426
0,1704102
0,1673279
0,1689453
0,1697083
0,1689758
0,1693726
0,165802
0,167511
0,1633911
0,1647034
0,167572
0,229187
0,2034912
0,1810913
0,1914063
0,1906433
0,1842651
0,1728516
0,2000122
0,1798401
0,1875
0,1924133
0,1654358
0,1748047
0,1809998
0,1697693
0,1703491
0,1727295
0,2003174
0,1695557
0,1716614
0,1703491
0,166626
0,1777954
0,1781311
0,1729736
0,1701355
0,1662598
0,1744995
0,1701965
0,1713867
0,1523743
0,1645203
0,1908875
0,160553
0,1563416
0,1764526
0,2012634
0,1734924
0,1806335
0,2417908
0,2508545
0,1767273
0,1704102
0,1800537
0,2123108
0,2073975
0,2346497
0,2320251
0,2600098
0,2279968
0,1905823
0,1944275
0,2773132
0,2679749
0,2714539
0,2119141
0,1826477
0,2175293
0,1844788
0,2050781
0,1942444
0,182251
0,1727295
0,1723328
0,1705017
0,1679077
0,1731262
0,1723633
0,1694336
0,1694641
0,1724854
0,1730347
0,1818848
0,1694641
0,1713257
0,1684265
0,1673889
0,1707458
0,1714478
0,1722107
0,1694031
0,1691589
0,1698914
0,1696472
0,1771545
0,1670227
0,1730652
0,1697998
0,1745911
0,1717224
0,1730347
0,1716309
0,1724548
0,1720276
0,1731873
0,1715393
0,1719055
0,1705627
0,1683655
0,1696777
0,1716309
0,1720581
0,1698608
0,1711731
0,1724548
0,1721802
0,171875
0,171936
0,171814
0,1727295
0,1719971
0,168457
0,1691589
0,1742859
0,1750183
0,1737976
0,1694946
0,1680603
0,170166
0,1695557
0,1765442
0,1702881
0,1699219
0,1686096
0,1794128
0,167572
0,1671753
0,1725159
0,1676636
0,1686096
0,1731873
0,1820068
0,1755371
0,1532898
0,1792908
0,1604309
0,1591797
0,1614685
0,1696167
0,1713867
0,1731873
0,177887
0,1661072
0,1711121
0,1646729
0,1715088
0,1697998
0,16922
0,175293
0,1704407
0,1698303
0,1723022
0,1893311
0,1704407
0,1746521
0,1948853
0,1953125
0,1822815
0,2911377
0,2407532
0,3061218
0,2268677
0,2048645
0,1872559
0,1737061
0,1972656
0,1832581
0,1695862
0,1808167
0,1952515
0,1764526
0,1683655
0,1695557
0,1794739
0,1936035
0,1703186
0,1760864
0,1706238
0,1936646
0,217926
0,1715698
0,1679382
0,1773682
0,1726379
0,1951599
0,1867676
0,1824951
0,1794434
0,166626
0,2236023
0,1804504
0,1682434
0,171875
0,1751709
0,1681213
0,1719055
0,1672974
0,1697388
0,1693115
0,1688843
0,1759644
0,1697998
0,1725769
0,178772
0,1701355
0,1682739
0,1731567
0,1716919
0,1725159
0,1695251
0,1693726
0,1703491
0,1694336
0,169281
0,1727295
0,1707458
0,1673584
0,1806335
0,166748
0,1742859
0,1792603
0,1818237
0,1690979
0,2086487
0,1723633
0,1692505
0,1705322
0,1665039
0,1717224
0,1697388
0,1715088
0,1729736
0,1686096
0,1674194
0,1719666
0,1714783
0,1698914
0,1693726
0,1743774
0,170166
0,167511
0,1691589
0,1686096
0,2002258
0,1773682
0,1720581
0,1688538
0,1788025
0,1668396
0,1685486
0,1658325
0,170105
0,2270203
0,1793518
0,1790771
0,1714172
0,1723633
0,1727295
0,1793518
0,1731873
0,1588135
0,1620789
0,1588745
0,1608887
0,1580505
0,1647339
0,1628418
0,1678162
0,1734924
0,1740723
0,1755981
0,173584
0,1724854
0,1711121
0,1724243
0,1725464
0,1700134
0,1707458
0,1720581
0,1732788
0,1772156
0,1730652
0,1697388
0,170166
0,1681519
0,1720581
0,1718445
0,1668396
0,1714172
0,1716919
0,1710815
0,1729431
0,1724548
0,1729431
0,1723633
0,1749878
0,1719971
0,1682129
0,167572
0,1646118
0,1700134
0,1673279
0,1637573
0,1694031
0,1802368
0,1670837
0,1713867
0,1699829
0,164978
0,1629639
0,1698914
0,1683655
0,1658325
0,1737976
0,1768494
0,1693115
0,176239
0,1711121
0,1672363
0,1686096
0,1700134
0,171051
0,1636353
0,1730957
0,1733093
0,1671143
0,17099
0,1705017
0,1704102
0,1705627
0,1699524
0,1682434
0,1681519
0,1686096
0,1715698
0,1712036
0,1642761
0,1647644
0,165741
0,1663818
0,1655273
0,1657715
0,166687
0,1707764
0,1722412
0,1671753
0,1657715
0,1672363
0,1669922
0,1707153
0,1668701
0,1676025
0,1655273
0,1717529
0,1669922
0,1663208
0,1680298
0,1719971
0,1669312
0,1671143
0,1663818
0,1655273
0,1688843
0,1723633
0,1686401
0,1708984
0,1707153
0,1669312
0,1703491
0,164917
0,171875
0,1680298
0,1680908
0,1658325
0,1687012
0,1627197
0,1670532
0,1776123
0,1695557
0,1715088
0,1737061
0,1750488
0,1712036
0,1686401
0,1704712
0,1732178
0,1685181
0,1713257
0,1663818
0,1647339
0,1728516
0,1693115
0,1680908
0,168335
0,1676636
0,1674194
0,1672363
0,1706543
0,1663818
0,1672363
0,1696167
0,1697998
0,1708374
0,1711426
0,171814
0,1682129
0,1698608
0,1653442
0,168335
0,1674194
0,168457
0,1711426
0,1697388
0,1715698
0,1647339
0,1711426
0,1693115
0,164917
0,1670532
0,1671143
0,1728516
0,1690674
0,1640015
0,1685181
0,1740723
0,1697388
0,1682129
0,1657104
0,1655273
0,1704712
0,1687012
0,1677856
0,1749878
0,1664429
0,1717529
0,1643677
0,1665039
0,1687012
0,1692505
0,1659546
0,1681519
0,1705322
0,1657104
0,1700439
0,1717529
0,1672974
0,1671143
0,1697388
0,1655273
0,1675415
0,164917
0,1693726
0,1690063
0,1714478
0,1699829
0,1711426
0,1680908
0,166687
0,1697388
0,1723633
0,1730957
0,1639404
0,1689453
0,161499
0,1715088
0,1674194
0,1687012
0,1677856
0,1668091
0,1685791
0,1668701
0,1702881
0,1724854
0,1811523
0,1685181
0,1694946
0,1730957
0,1662598
0,1644897
0,1651611
0,1662598
0,1679688
0,1715698
0,1661377
0,164978
0,1721802
0,1706543
0,1687622
0,1723633
0,1707153
0,1657715
0,1721802
0,1716919
0,166626
0,1689453
0,1707764
0,1687622
0,1680298
0,1707764
0,1661987
0,168457
0,1687622
0,1694946
0,1669922
0,1669922
0,1675415
0,1657715
0,166748
0,1680298
0,1693726
0,1734009
0,1657104
0,1726074
0,1679688
0,1703491
0,1643066
0,1654663
0,1703491
0,1699219
0,1696167
0,1713867
0,1677246
0,1642456
0,1679688
0,1687622
0,1717529
0,1660767
0,1639404
0,1621094
0,1694336
0,1716309
0,1669922
0,168457
0,1644897
0,1669922
0,1697998
0,1691895
0,1696167
0,1658325
0,1693726
0,1659546
0,170105
0,1669312
0,1710815
0,168396
0,1668701
0,1655273
0,1605225
0,1678467
0,1629639
0,1669922
0,1694336
0,1691284
0,1689453
0,1671753
0,1658936
0,1652222
0,1680908
0,1678467
0,1646729
0,170105
0,1697998
0,1679077
0,1705322
0,1696777
0,1668091
0,1682739
0,1676636
0,1710205
0,1660767
0,1665039
0,1672974
0,1704712
0,1692505
0,170166
0,1671753
0,1668091
0,1679688
0,1733398
0,1704102
0,1636353
0,1680908
0,1658325
0,1690674
0,1671753
0,1680298
0,164917
0,1681519
0,170166
0,1658936
