34
178
215
226
224
225
226
228
229
233
234
228
223
209
222
219
231
226
224
221
222
224
227
231
235
226
234
225
231
232
234
235
228
232
228
230
232
229
234
235
236
236
232
229
235
233
227
75
176
168
210
221
231
230
236
237
235
231
238
228
242
235
235
244
229
233
228
234
238
240
234
231
232
226
228
227
230
235
229
218
220
220
224
230
235
225
230
229
228
235
243
238
234
231
236
238
239
242
243
243
240
238
240
240
239
244
244
242
235
239
241
236
240
243
243
241
235
238
236
243
242
240
239
240
239
238
241
241
243
244
236
236
236
227
214
215
204
216
216
220
225
230
224
226
213
202
206
220
223
221
228
215
237
234
221
205
227
231
223
211
233
229
215
216
236
228
234
234
228
229
231
226
217
223
217
213
232
236
221
235
224
203
214
220
216
230
202
205
209
234
229
227
231
226
217
210
225
220
218
222
219
228
232
229
228
223
175
186
188
191
193
189
287
251
306
321
314
150
230
223
223
215
200
209
227
215
208
236
232
208
217
217
210
221
209
229
229
230
228
210
219
235
232
229
225
224
220
228
224
234
227
228
227
219
226
230
224
202
202
217
215
216
231
234
225
231
230
232
233
237
236
232
226
226
212
230
230
230
229
233
230
232
227
224
230
227
211
228
223
228
229
229
226
230
237
228
224
228
225
232
227
231
226
225
228
225
210
212
212
224
216
217
210
215
209
208
218
218
218
225
217
221
230
230
230
210
228
221
223
234
227
230
232
228
232
219
216
224
226
231
213
220
214
218
229
218
222
229
224
221
201
233
231
221
229
219
214
209
219
210
211
210
205
199
219
225
209
200
224
215
219
226
222
219
231
216
220
213
218
222
220
222
227
230
232
228
219
230
223
233
231
228
231
232
206
273
286
295
285
286
279
281
278
276
290
291
287
294
284
281
275
271
290
287
293
293
279
281
286
294
296
296
297
295
289
295
289
298
289
291
289
289
281
289
296
302
303
297
297
287
294
292
293
279
284
282
282
277
284
293
280
272
289
296
287
282
274
271
294
299
293
276
294
294
274
301
282
272
262
283
293
297
296
309
302
307
304
301
295
300
309
301
302
299
302
296
297
300
297
297
306
295
289
276
295
303
277
276
289
260
263
297
288
265
275
268
267
270
254
252
255
286
267
273
285
285
277
262
298
292
292
284
273
272
258
286
287
280
282
289
289
291
286
297
296
296
299
297
295
297
292
290
294
299
302
297
291
295
290
292
292
295
297
285
293
295
295
292
283
286
297
290
293
295
294
294
297
297
292
294
296
295
293
289
300
291
297
291
298
291
296
299
302
296
300
296
294
295
299
300
305
291
294
298
298
288
297
299
293
292
294
291
292
294
296
296
295
296
297
296
300
297
299
291
294
288
295
286
295
295
301
297
295
302
280
285
277
296
298
298
289
299
295
300
297
297
295
295
294
290
291
296
302
295
294
295
294
293
289
293
301
293
294
297
294
294
292
299
290
292
295
292
296
293
293
293
295
297
292
294
291
294
296
289
295
299
296
293
291
295
298
297
290
294
295
296
292
295
299
300
295
298
288
293
293
299
292
293
292
265
295
293
297
281
285
287
286
286
278
287
285
275
272
274
285
279
275
277
282
284
279
286
283
282
277
284
284
282
283
286
282
283
281
278
292
290
287
282
280
279
282
282
288
286
293
279
281
280
284
283
284
279
288
280
279
283
283
283
288
288
282
281
277
284
282
284
288
290
280
281
282
283
283
292
293
285
272
267
270
266
280
285
296
280
290
265
264
278
286
260
281
276
282
277
288
285
290
278
265
279
279
283
285
283
281
289
281
280
282
278
290
283
286
284
285
282
282
284
283
291
283
282
279
283
279
285
288
285
282
280
280
281
279
283
284
285
278
280
283
281
279
285
283
291
276
281
282
280
278
280
292
282
277
281
284
281
280
284
275
282
284
285
277
291
280
288
284
277
281
280
282
284
288
291
288
281
285
278
287
282
283
281
283
277
272
274
280
272
278
257
292
280
288
284
271
284
289
287
284
279
267
279
293
297
292
293
291
293
286
290
295
294
293
288
288
285
290
292
298
294
293
287
293
293
291
290
291
289
287
289
291
296
292
300
301
286
283
289
288
296
295
296
291
286
293
289
290
292
298
291
290
284
291
287
288
301
295
290
286
288
285
289
290
294
293
290
289
294
286
288
290
292
288
289
289
284
283
288
293
293
291
287
289
285
287
294
293
290
295
289
291
287
288
294
295
292
290
289
279
285
